0.4952 0.9337
0.4956 0.9097
0.4956 0.8542
0.4964 0.8213
0.4974 0.7847
0.4969 0.7563
0.4962 0.7426
0.4951 0.715
0.4946 0.7023
0.4948 0.6824
0.495 0.6704
0.4927 0.3917
0.4947 0.4439
0.494 0.4745
0.4945 0.563
0.4935 0.5886
0.4934 0.353
0.4945 0.5169
0.4939 0.5044
0.4932 0.6048
0.4945 0.5451
0.4949 0.5265
0.4932 0.614
0.4943 0.5561
0.4932 0.3736
0.4943 0.4616
0.4939 0.4899
0.492 0.3172
0.49 0.2143
0.4896 0.0974
0.4891 0.1569
0.4949 0.536
0.4939 0.5726
0.4955 0.7289
0.4957 0.8788
0.4924 0.4102
0.9654 0.5748
0.9331 0.6655
0.7292 0.8561
0.6745 0.8611
0.6955 0.8804
0.7599 0.8728
0.6201 0.7932
0.6418 0.823
0.7611 0.8267
0.6015 0.7622
0.6538 0.7499
0.6869 0.7797
0.7956 0.8413
0.6295 0.7263
0.7177 0.716
0.6749 0.6974
0.8158 0.752
0.6466 0.5884
0.6225 0.6035
0.6469 0.6492
0.6732 0.6465
0.8521 0.7702
0.5936 0.7496
0.6482 0.6881
0.5849 0.7383
0.6215 0.7153
0.567 0.6991
0.6145 0.7057
0.8503 0.5195
0.9082 0.6977
0.5988 0.681
0.6316 0.68
0.64 0.684
0.6402 0.6505
0.5606 0.6889
0.6153 0.6697
0.6305 0.6515
0.6361 0.452
0.6294 0.467
0.5566 0.6809
0.5925 0.6758
0.6155 0.6559
0.6108 0.6151
0.6175 0.6085
0.5561 0.6748
0.5881 0.672
0.6089 0.6659
0.5988 0.6327
0.6012 0.5972
0.5943 0.456
0.5875 0.4955
0.7028 0.4952
0.7423 0.4698
0.5867 0.6707
0.6044 0.6641
0.6096 0.659
0.5933 0.6077
0.5924 0.5336
0.6052 0.4311
0.5966 0.4442
0.6413 0.4417
0.6024 0.6632
0.605 0.6601
0.5938 0.6409
0.7121 0.4555
0.7284 0.4529
0.8353 0.411
0.6031 0.6601
0.5903 0.6457
0.5863 0.6205
0.5267 0.4145
0.5267 0.4506
0.5576 0.4652
0.5931 0.4181
0.5822 0.4306
0.6265 0.4346
0.6452 0.4277
0.6447 0.4146
0.8066 0.4629
0.7849 0.4454
0.5881 0.6505
0.5651 0.6208
0.5776 0.5174
0.5278 0.3956
0.5111 0.3932
0.6391 0.3925
0.7028 0.4358
0.6938 0.4215
0.7799 0.4111
0.7968 0.3659
0.8635 0.4934
0.932 0.5231
0.9223 0.4011
0.8706 0.467
0.5609 0.6272
0.5503 0.5671
0.587 0.5293
0.5704 0.5206
0.5635 0.5064
0.5958 0.4041
0.6322 0.4232
0.6916 0.3995
0.7573 0.4101
0.7524 0.3905
0.7741 0.3804
0.9599 0.4024
0.8919 0.404
0.5567 0.642
0.5284 0.589
0.5855 0.5444
0.5643 0.5371
0.558 0.5127
0.5342 0.4875
0.5214 0.481
0.5113 0.4466
0.5762 0.4047
0.5506 0.3831
0.6311 0.392
0.8476 0.333
0.5264 0.6056
0.5773 0.5561
0.5638 0.5478
0.56 0.5424
0.554 0.5229
0.5524 0.53
0.5526 0.364
0.5354 0.3564
0.7558 0.3653
0.7329 0.3804
0.5208 0.6142
0.5133 0.5887
0.5067 0.562
0.548 0.5354
0.5275 0.5122
0.5146 0.5087
0.5122 0.5183
0.5238 0.52
0.5082 0.4764
0.7383 0.4088
0.7351 0.3965
0.7716 0.3477
0.8413 0.2806
0.8149 0.3008
0.5164 0.6329
0.5185 0.5267
0.5111 0.5276
0.5088 0.5448
0.5165 0.3552
0.5736 0.3843
0.6243 0.4082
0.6203 0.417
0.6233 0.3933
0.7108 0.4057
0.7017 0.3863
0.5173 0.6725
0.5153 0.6023
0.5044 0.5054
0.5039 0.5154
0.6016 0.3716
0.5912 0.3411
0.606 0.4034
0.6129 0.4015
0.7209 0.4188
0.711 0.3992
0.697 0.3401
0.6875 0.3638
0.5088 0.6124
0.5295 0.5589
0.5149 0.5552
0.5187 0.5527
0.5024 0.5252
0.5013 0.5449
0.5811 0.3171
0.6122 0.3864
0.6152 0.3994
0.7011 0.4023
0.6956 0.3954
0.6774 0.3116
0.8738 0.258
0.504 0.6314
0.5045 0.5557
0.6126 0.3379
0.6047 0.3137
0.6187 0.3682
0.6053 0.398
0.6825 0.3818
0.6716 0.3316
0.6622 0.3589
0.6472 0.3064
0.5048 0.6716
0.6376 0.3616
0.6405 0.3329
0.6246 0.3818
0.6208 0.3899
0.6265 0.3909
0.764 0.2199
0.7937 0.1888
0.6399 0.38
0.6789 0.3902
0.6603 0.3791
0.636 0.3876
0.6358 0.3902
0.6789 0.3958
0.7166 0.1962
0.6569 0.384
0.6505 0.3908
0.6468 0.3894
0.6644 0.386
0.6647 0.3923
0.7453 0.1591
0.6994 0.1357
0.6533 0.1182
0.5962 0.1637
0.6341 0.1713
0.6095 0.1064
0.5569 0.2173
0.5902 0.2199
0.6215 0.2223
0.655 0.2255
0.6932 0.2371
0.738 0.2567
0.5339 0.3777
0.5167 0.3756
0.6137 0.4246
0.5659 0.4152
0.5733 0.4786
0.5797 0.5638
0.5576 0.6004
0.5494 0.6113
0.6828 0.4204
0.6896 0.436
0.6949 0.4544
0.7006 0.4708
0.6771 0.489
0.5321 0.616
0.5288 0.635
0.5293 0.673
0.7561 0.6552
0.7223 0.6505
0.828 0.6687
0.8283 0.6325
0.7189 0.6138
0.7553 0.4406
0.7268 0.4305
0.9699 0.5374
0.6726 0.1796
0.5225 0.1585
0.5683 0.4973
0.5371 0.4768
0.5232 0.4708
0.5097 0.466
0.7192 0.4086
0.7155 0.4347
0.7443 0.4476
0.7614 0.4645
0.7955 0.477
0.5295 0.4987
0.5157 0.4938
0.5039 0.4903
0.5284 0.0974
0.5882 0.5513
0.5835 0.5136
0.5937 0.3946
0.6108 0.5385
0.6006 0.5586
0.5977 0.5673
0.652 0.4788
0.6573 0.4598
0.6583 0.4466
0.6596 0.4308
0.5461 0.5618
0.591 0.5793
0.5827 0.5953
0.5723 0.61
0.5802 0.6313
0.5764 0.6368
0.5728 0.6465
0.572 0.6736
0.6037 0.4126
0.6116 0.4089
0.6175 0.3967
0.5129 0.5441
0.5242 0.5619
0.5354 0.5299
0.5612 0.561
0.5014 0.5349
0.5087 0.5362
0.5132 0.5357
0.521 0.5436
0.705 0.4013
0.6936 0.3965
0.6772 0.3914
0.6634 0.3891
0.6125 0.3982
0.6174 0.4041
0.6334 0.4128
0.6564 0.4165
0.704 0.4222
0.72 0.3921
0.8368 0.2237
0.8031 0.2467
0.7804 0.2755
0.7365 0.3315
0.7252 0.3504
0.7099 0.3717
0.7153 0.4052
0.7226 0.4023
0.7128 0.4212
0.5294 0.321
0.5556 0.3241
0.5751 0.3463
0.5889 0.3745
0.6037 0.3902
0.6115 0.3918
0.6188 0.3927
0.6074 0.5874
0.6107 0.5813
0.6291 0.5629
0.6517 0.4985
0.5032 0.6842
0.5046 0.7031
0.507 0.7162
0.5109 0.7458
0.5103 0.7596
0.5126 0.7862
0.5158 0.8217
0.52 0.8542
0.5275 0.9081
0.5338 0.9321
0.5145 0.6849
0.5168 0.7015
0.5208 0.716
0.5263 0.7483
0.5262 0.763
0.5301 0.7883
0.5388 0.8238
0.546 0.8523
0.5613 0.905
0.5745 0.9271
0.5259 0.6854
0.5293 0.6989
0.5344 0.713
0.5421 0.7516
0.5441 0.7661
0.5526 0.7878
0.5651 0.8199
0.5761 0.8484
0.6003 0.8955
0.6159 0.9178
0.5736 0.6759
0.5774 0.6809
0.5842 0.6884
0.609 0.7333
0.6166 0.745
0.638 0.7723
0.6669 0.8053
0.704 0.84
0.5465 0.577
0.5283 0.5725
0.5108 0.5729
0.6043 0.6233
0.622 0.653
0.6225 0.6748
0.6069 0.6942
0.5935 0.7061
0.5776 0.7203
0.5393 0.733
0.5243 0.7333
0.5093 0.731
0.5253 0.8783
0.5543 0.8758
0.5876 0.8706
0.6599 0.8423
0.6863 0.8227
0.7086 0.798
0.7474 0.728
0.7559 0.6176
0.7391 0.5207
0.7281 0.497
0.7219 0.4722
0.7311 0.8129
0.7777 0.741
0.7928 0.6616
0.7927 0.6235
0.7705 0.5165
0.6338 0.6652
0.646 0.6673
0.6527 0.668
0.6769 0.6707
0.7225 0.6828
0.7553 0.6905
0.7908 0.7025
0.837 0.7092
0.879 0.7309
0.6238 0.6636
0.6169 0.6638
0.611 0.6633
0.6068 0.6624
0.6043 0.662
0.7781 0.4868
0.7346 0.4254
0.7756 0.457
0.7628 0.431
0.7407 0.4217
0.7249 0.4112
0.7273 0.4166
0.7303 0.4105
0.523 0.2155
0.5596 0.1607
0.5674 0.0997
0.5098 0.4119
0.5624 0.4298
0.5789 0.4444
0.6283 0.4836
0.6796 0.5112
0.7093 0.5178
0.8002 0.509
0.8205 0.4947
0.7011 0.3185
0.8729 0.6829
0.8884 0.5419
0.926 0.5588
0.7541 0.4941
0.8331 0.4777
0.877 0.3172
0.897 0.5095
0.9124 0.298
0.8055 0.4112
0.6792 0.4667
0.6773 0.4517
0.6747 0.4342
0.6693 0.4187
0.5667 0.5294
0.7277 0.4132
0.73 0.4146
0.743 0.4173
0.7657 0.4243
0.7882 0.4333
0.8124 0.446
0.8403 0.4576
0.901 0.476
0.9339 0.4854
0.9694 0.4965
0.5975 0.5159
0.6093 0.4693
0.6109 0.4557
0.619 0.443
0.5663 0.5835
0.5426 0.5945
0.5368 0.6081
0.5724 0.5451
0.5788 0.5294
0.5458 0.4017
0.5439 0.4198
0.5413 0.4562
0.5529 0.4856
0.548 0.4955
0.5419 0.5039
0.5384 0.516
0.5382 0.5242
0.4908 0.2728
0.5237 0.2739
0.5536 0.2732
0.5837 0.2711
0.6154 0.2694
0.6458 0.2673
0.677 0.2758
0.7142 0.2902
0.7586 0.3058
0.7948 0.3233
0.8238 0.3482
0.8668 0.4071
0.5784 0.5388
0.6558 0.9023
0.6394 0.8808
0.6244 0.8594
0.6109 0.8371
0.5949 0.8099
0.5809 0.7792
0.5697 0.7625
0.5632 0.7483
0.5584 0.7294
0.5491 0.7076
0.5427 0.6952
0.5413 0.6839
0.5424 0.674
0.5431 0.6375
0.5463 0.6193
0.5695 0.5571
0.5361 0.5468
0.8627 0.6382
0.8942 0.6526
0.7197 0.8998
0.5423 0.9538
0.5869 0.9479
0.4933 0.9555
0.631 0.9373
0.6759 0.9214
0.6017 0.7221
0.8749 0.3664
0.9045 0.3571
0.94 0.3498
0.724 0.4077
0.7315 0.4051
0.7487 0.4029
0.7685 0.4008
0.7919 0.3957
0.8201 0.3869
0.8478 0.3756
0.8743 0.4392
0.9013 0.4414
0.9323 0.4454
0.9672 0.4518
0.7307 0.4128
0.7421 0.4132
0.763 0.4168
0.7877 0.4221
0.8147 0.4285
0.8444 0.4365
0.3566 0.7752
0.3263 0.8075
0.3045 0.7826
0.339 0.7536
0.4769 0.8226
0.4713 0.8543
0.4459 0.8524
0.4552 0.8236
0.3786 0.749
0.3638 0.7311
0.2832 0.7993
0.2605 0.8142
0.2139 0.7452
0.2443 0.7322
0.4821 0.7872
0.4645 0.7887
0.43 0.8209
0.4165 0.8484
0.3834 0.8382
0.4024 0.8119
0.3865 0.7369
0.3723 0.7199
0.3165 0.7017
0.2737 0.7204
0.2684 0.6865
0.3137 0.6736
0.1997 0.706
0.2362 0.6945
0.4834 0.7598
0.468 0.7629
0.4434 0.7887
0.4172 0.7819
0.3769 0.7958
0.3959 0.7657
0.3435 0.6911
0.3404 0.5869
0.3645 0.5995
0.3442 0.6473
0.3165 0.6474
0.1749 0.755
0.1337 0.7678
0.1073 0.7282
0.1525 0.7111
0.4508 0.7661
0.427 0.7639
0.3395 0.6685
0.3868 0.6957
0.4003 0.7074
0.3927 0.7245
0.3796 0.709
0.3531 0.6859
0.3486 0.6664
0.4816 0.731
0.4814 0.7455
0.4665 0.7482
0.467 0.7332
0.3533 0.6474
0.1248 0.6387
0.0962 0.5428
0.1337 0.523
0.1601 0.635
0.4522 0.7324
0.4515 0.7514
0.4315 0.7484
0.4341 0.7293
0.4102 0.7394
0.4162 0.7207
0.4158 0.6806
0.409 0.6883
0.3949 0.6812
0.4009 0.6754
0.3627 0.6808
0.3713 0.6746
0.3715 0.6049
0.3577 0.5598
0.3758 0.5773
0.4843 0.7027
0.4832 0.7162
0.4697 0.7154
0.4729 0.7006
0.3606 0.6644
0.3699 0.6625
0.3808 0.5844
0.3869 0.555
0.3751 0.5351
0.3484 0.4538
0.3558 0.4693
0.3339 0.4812
0.3275 0.4618
0.4614 0.6978
0.4565 0.7126
0.4427 0.7069
0.4488 0.694
0.4257 0.6987
0.4317 0.6877
0.4194 0.6741
0.4053 0.6706
0.3782 0.6686
0.3839 0.6649
0.3716 0.6504
0.3634 0.6488
0.3795 0.6119
0.3865 0.6206
0.3912 0.565
0.4859 0.6835
0.4751 0.6837
0.4205 0.6711
0.4061 0.6686
0.3768 0.6615
0.3818 0.6602
0.3962 0.6059
0.388 0.5948
0.3985 0.5773
0.4012 0.4936
0.3908 0.4577
0.4064 0.4456
0.4164 0.4771
0.3266 0.4479
0.3432 0.4427
0.2316 0.4978
0.2426 0.472
0.2634 0.4746
0.258 0.5006
0.4849 0.671
0.4726 0.6712
0.4643 0.6838
0.45 0.6818
0.4357 0.6788
0.3881 0.6622
0.3779 0.6526
0.3924 0.6293
0.3984 0.637
0.3827 0.6548
0.388 0.4458
0.3788 0.4325
0.391 0.4194
0.4024 0.4319
0.325 0.4316
0.3388 0.4283
0.3078 0.4531
0.3105 0.4349
0.2562 0.4542
0.2731 0.4568
0.4611 0.6716
0.4489 0.6722
0.4357 0.6727
0.389 0.661
0.3853 0.6593
0.4041 0.6178
0.4108 0.6281
0.37 0.4253
0.3651 0.4445
0.3577 0.4354
0.3874 0.659
0.3863 0.6558
0.4016 0.642
0.441 0.4207
0.4484 0.4561
0.432 0.4641
0.4232 0.4315
0.3519 0.4232
0.3631 0.4167
0.1773 0.4638
0.1987 0.4463
0.2085 0.4581
0.1889 0.4795
0.3884 0.6569
0.4035 0.6475
0.4146 0.6337
0.457 0.396
0.4741 0.3932
0.4753 0.4123
0.4581 0.4152
0.3445 0.3914
0.3391 0.4156
0.3281 0.4178
0.333 0.391
0.3159 0.4198
0.3195 0.3933
0.2206 0.431
0.2286 0.4411
0.2014 0.4121
0.1946 0.423
0.1681 0.4296
0.1761 0.4127
0.4177 0.6439
0.3964 0.5294
0.4061 0.511
0.4118 0.5151
0.402 0.5258
0.4221 0.527
0.4187 0.518
0.4307 0.5102
0.4343 0.5203
0.2908 0.4009
0.2911 0.4226
0.2804 0.4223
0.2815 0.403
0.2425 0.4214
0.2491 0.4251
0.228 0.3927
0.2124 0.4024
0.189 0.3974
0.2057 0.3819
0.4329 0.5985
0.4462 0.5932
0.4522 0.6074
0.4406 0.6101
0.4037 0.5411
0.4007 0.5482
0.4539 0.486
0.467 0.4801
0.4727 0.4929
0.4587 0.4975
0.4783 0.4468
0.4629 0.4503
0.4341 0.3823
0.4078 0.4049
0.4098 0.383
0.4298 0.3629
0.3498 0.4127
0.3527 0.3922
0.3605 0.3936
0.3583 0.4077
0.2451 0.3978
0.2328 0.404
0.2226 0.3667
0.2463 0.382
0.4113 0.553
0.4185 0.5546
0.4269 0.5586
0.4094 0.5608
0.4243 0.5462
0.4281 0.5406
0.4406 0.5331
0.4737 0.5078
0.4609 0.5109
0.4508 0.3548
0.4516 0.3774
0.2598 0.3939
0.4738 0.5883
0.4591 0.5886
0.4601 0.5714
0.4772 0.5723
0.4764 0.5184
0.4652 0.5187
0.4799 0.476
0.4844 0.4899
0.403 0.3404
0.4249 0.3221
0.2695 0.4007
0.2587 0.4026
0.2667 0.3734
0.2773 0.3892
0.4668 0.6137
0.4705 0.6329
0.4592 0.6348
0.457 0.6157
0.4711 0.6022
0.4614 0.6051
0.4717 0.5246
0.476 0.5352
0.4839 0.5055
0.4701 0.3544
0.469 0.3753
0.3883 0.3699
0.2837 0.3972
0.4853 0.5156
0.4528 0.3203
0.374 0.367
0.382 0.3357
0.3757 0.3879
0.3659 0.3838
0.2517 0.3513
0.4779 0.6126
0.4739 0.554
0.4702 0.5514
0.4764 0.5428
0.4803 0.5443
0.4804 0.5356
0.4792 0.5266
0.4874 0.5251
0.4881 0.5348
0.3932 0.314
0.3602 0.3328
0.3561 0.3632
0.3685 0.3904
0.36 0.3892
0.3674 0.3987
0.3701 0.4006
0.3652 0.4016
0.3663 0.3965
0.2886 0.3634
0.2798 0.3402
0.3036 0.3277
0.3133 0.357
0.482 0.5614
0.4842 0.5554
0.4825 0.6314
0.4645 0.5607
0.4593 0.557
0.4423 0.56
0.4877 0.5448
0.3665 0.3091
0.3529 0.3793
0.3884 0.3947
0.3771 0.3979
0.2783 0.4013
0.2889 0.3981
0.2953 0.3844
0.3008 0.3931
0.3325 0.3281
0.3376 0.3584
0.338 0.3781
0.349 0.3872
0.3639 0.3922
0.3564 0.3913
0.3172 0.3807
0.3192 0.3886
0.3364 0.3861
0.3466 0.3896
0.3047 0.3973
0.3052 0.3938
0.1878 0.1895
0.2365 0.161
0.2615 0.1991
0.2139 0.222
0.3355 0.3877
0.3211 0.3896
0.282 0.1383
0.3052 0.1831
0.3273 0.1212
0.3815 0.1657
0.3437 0.1744
0.3697 0.109
0.411 0.1014
0.4501 0.0979
0.456 0.1587
0.4185 0.1617
0.4217 0.2171
0.4257 0.2713
0.393 0.2697
0.3869 0.2207
0.3589 0.2693
0.3545 0.2241
0.3211 0.2282
0.3274 0.2714
0.2977 0.2764
0.2832 0.239
0.2614 0.2917
0.2386 0.2581
0.1965 0.2768
0.2176 0.3068
0.1826 0.3242
0.1631 0.3018
0.4036 0.752
0.4246 0.5346
0.4372 0.527
0.4165 0.5424
0.4189 0.4164
0.4405 0.4933
0.4467 0.5024
0.4255 0.5038
0.4496 0.5142
0.4516 0.5216
0.4539 0.5274
0.3074 0.5135
0.335 0.5003
0.309 0.4913
0.3063 0.4689
0.3027 0.4219
0.2816 0.4368
0.2953 0.4368
0.2903 0.4557
0.2337 0.6575
0.2672 0.6522
0.1969 0.6648
0.1963 0.6266
0.2335 0.6198
0.1635 0.4999
0.1844 0.5146
0.2694 0.6156
0.3067 0.8238
0.2781 0.5212
0.2156 0.5218
0.2478 0.5251
0.358 0.4855
0.4209 0.4944
0.4357 0.4833
0.479 0.4652
0.4654 0.4697
0.2686 0.4349
0.24 0.4484
0.2569 0.4302
0.2231 0.4665
0.2835 0.498
0.1606 0.3881
0.1826 0.3672
0.206 0.3492
0.2399 0.3326
0.2756 0.3187
0.304 0.3092
0.3347 0.3074
0.4566 0.2153
0.4572 0.2729
0.4073 0.5932
0.4183 0.6075
0.4516 0.4763
0.4293 0.6247
0.4251 0.6185
0.4434 0.6182
0.4328 0.64
0.4459 0.6365
0.387 0.4042
0.3798 0.413
0.3713 0.4082
0.3767 0.4031
0.4391 0.4024
0.3735 0.4579
0.376 0.4714
0.3709 0.3981
0.0582 0.5578
0.0518 0.5232
0.0871 0.5105
0.3895 0.5131
0.4381 0.5653
0.4681 0.5419
0.4528 0.5445
0.2558 0.4161
0.2626 0.418
0 0
0.2714 0.4207
0.2721 0.4052
0.1445 0.2237
0.1746 0.2479
0.259 0.4072
0.2495 0.4064
0.2635 0.4081
0.4662 0.8784
0.4637 0.9081
0.4374 0.8759
0.4045 0.8701
0.3692 0.8591
0.3914 0.8941
0.3535 0.88
0.4233 0.5814
0.43 0.9042
0.2849 0.4729
0.2296 0.8277
0.1609 0.6702
0.207 0.4905
0.2192 0.4173
0.2246 0.4106
0.2398 0.4138
0.2434 0.4098
0.2518 0.4122
0.2523 0.4106
0.2574 0.4104
0.1154 0.6821
0.1506 0.4804
0.2397 0.4178
0.2532 0.4146
0.2173 0.4244
0.1949 0.4339
0.1712 0.4469
0.4423 0.5753
0.4103 0.5267
0.4106 0.5361
0.1204 0.4958
0.093 0.6509
0.0784 0.6937
0.1378 0.2812
0.1072 0.2575
0.0139 0.5366
0.0188 0.573
0.0522 0.6598
0.1934 0.8413
0.4562 0.9313
0.4158 0.9256
0.3754 0.9162
0.3364 0.9016
0.3583 0.936
0.314 0.9209
0.4011 0.9463
0.4447 0.9528
0.2966 0.8808
0.3185 0.8614
0.2294 0.8728
0.2698 0.8997
0.3523 0.8249
0.3342 0.8432
0.2883 0.8407
0.2618 0.8568
0.1547 0.3486
0.1464 0.4118
0.132 0.3338
0.1322 0.3756
0.1148 0.4079
0.09 0.4046
0.1061 0.3671
0.1038 0.318
0.0775 0.358
0.0605 0.4021
0.0693 0.2979
0.042 0.3504
0.0231 0.4035
0.0499 0.486
0.0827 0.4771
0.113 0.4686
0.0143 0.4961
0.0166 0.4522
0.0512 0.4464
0.1387 0.4375
0.1432 0.4587
0.1085 0.4401
0.0818 0.4424
0.255 0.4123
0.4932 0.6321
0.8545 0.6636
0.1332 0.6628
0.6145 0.3951
0.6072 0.3939
0.599 0.3922
0.5821 0.3818
0.5623 0.3496
0.5455 0.3385
0.5247 0.3372
0.4928 0.3348
0.4621 0.3365
0.4414 0.3374
0.4214 0.3451
0.4011 0.3782
0.3836 0.3915
0.3751 0.3922
0.3695 0.3949
0.3291 0.4135
0.3398 0.411
0.3166 0.417
0.2821 0.4193
0.2917 0.4192
0.3569 0.4052
0.3488 0.4087
0.364 0.4004
0.3671 0.3987
0.3034 0.4188
0.274 0.4176
0.2649 0.4157
0.2582 0.414
0.6435 0.4093
0.6547 0.4117
0.6676 0.415
0.6919 0.4181
0.7011 0.4189
0.6334 0.4084
0.6248 0.4057
0.6161 0.4006
0.6182 0.4019
0.6808 0.4167
0.7098 0.4182
0.7186 0.4164
0.7251 0.4146
0.7278 0.4128
0.2555 0.4127
0.5531 0.5512
0.4352 0.5494
0.6016 0.6605
0.601 0.6628
0.5913 0.6566
0.5865 0.6647
0.577 0.6539
0.5739 0.6656
0.5205 0.6467
0.5195 0.6622
0.5319 0.6628
0.5328 0.6479
0.5064 0.6461
0.5057 0.6615
0.4946 0.6469
0.4945 0.6623
0.5593 0.6654
0.5629 0.6524
0.5485 0.6503
0.5458 0.6637
0.6029 0.6612
0.3906 0.6606
0.406 0.6639
0.4006 0.6544
0.3901 0.6575
0.4179 0.6643
0.4133 0.6523
0.4683 0.6466
0.4556 0.6475
0.4585 0.6629
0.4702 0.6622
0.4836 0.6616
0.4824 0.6462
0.4322 0.6646
0.445 0.6636
0.4417 0.6495
0.4292 0.6507
0.3885 0.6584
0.356 0.5958
0.3684 0.5699
0.3815 0.5451
0.3927 0.523
0.4032 0.5032
0.4181 0.4863
0.4337 0.4737
0.4501 0.4659
0.4647 0.4592
0.4787 0.4547
0.4943 0.4517
0.5102 0.4545
0.5246 0.4589
0.5394 0.4657
0.5555 0.4747
0.5713 0.4876
0.5858 0.5048
0.595 0.5263
0.6049 0.5488
0.6178 0.5739
0.6311 0.5991
0.6552 0.6481
0.6604 0.669
0.6598 0.6922
0.6405 0.7379
0.6275 0.7585
0.6114 0.7786
0.5887 0.7962
0.5605 0.8067
0.5346 0.8072
0.514 0.8045
0.4963 0.8031
0.4792 0.8055
0.4598 0.8076
0.4358 0.8069
0.4094 0.7986
0.3861 0.7822
0.3677 0.7626
0.3524 0.7423
0.3313 0.6963
0.3295 0.6708
0.3333 0.6477
0.3146 0.573
0.3457 0.5438
0.3674 0.5197
0.3852 0.4999
0.3994 0.4815
0.4153 0.4654
0.4315 0.4528
0.4476 0.4444
0.4623 0.4386
0.4774 0.4368
0.494 0.4341
0.6731 0.5731
0.6413 0.5457
0.619 0.5211
0.6019 0.5013
0.5899 0.4831
0.5748 0.4668
0.5587 0.4543
0.5423 0.4453
0.5267 0.4392
0.5109 0.4362
0.686 0.6124
0.6939 0.6481
0.6973 0.6754
0.6943 0.7058
0.6688 0.7634
0.6504 0.7876
0.6289 0.8066
0.6016 0.8214
0.5693 0.8306
0.5412 0.8358
0.5165 0.835
0.4958 0.8349
0.4752 0.8356
0.4514 0.8357
0.4242 0.8317
0.3942 0.8233
0.3665 0.8089
0.3436 0.79
0.3238 0.7663
0.2974 0.7101
0.2935 0.6788
0.2957 0.6489
0.3026 0.6133
0.2382 0.5526
0.2006 0.5527
0.0288 0.6014
0.068 0.5889
0.1561 0.5514
0.109 0.5748
0.2735 0.5499
0.786 0.547
0.7493 0.5485
0.8768 0.5722
0.8291 0.5465
0.9172 0.5895
0.9554 0.6055
0.7143 0.547
0.3079 0.5401
0.6797 0.5387
0.3621 0.5027
0.38 0.486
0.3381 0.5218
0.4126 0.4563
0.3963 0.47
0.4285 0.4442
0.4449 0.4338
0.46 0.4273
0.4756 0.4245
0.4927 0.4234
0.6068 0.4846
0.6247 0.502
0.5914 0.4692
0.6491 0.5216
0.543 0.4341
0.5596 0.444
0.5272 0.4275
0.5105 0.4239
0.5757 0.4562
0.7542 0.5795
0.7923 0.5854
0.7167 0.5758
0.6352 0.6246
0.6453 0.6222
0.6624 0.6158
0.1955 0.5891
0.2338 0.5819
0.1576 0.5975
0.2711 0.5777
0.3628 0.6245
0.3538 0.6221
0.3427 0.621
0.3259 0.6163
0.0393 0.6294
0.0789 0.6196
0.1178 0.6089
0.83 0.5941
0.8693 0.6067
0.9074 0.6207
0.9448 0.6362
0.628 0.6276
0.3783 0.6359
0.3718 0.6297
0.3885 0.6463
0.3833 0.6417
0.6091 0.6459
0.6033 0.6515
0.6138 0.6387
0.6202 0.6327
0.8255 0.8076
0.7902 0.792
0.7566 0.7813
0.7313 0.7674
0.7055 0.7498
0.6841 0.7368
0.6664 0.7256
0.6516 0.7159
0.6398 0.7069
0.6319 0.6992
0.6251 0.6924
0.6176 0.6831
0.61 0.6744
0.6036 0.6702
0.5978 0.6672
0.5959 0.666
0.5952 0.6637
0.5978 0.659
0.5981 0.6555
0.5996 0.6543
0.1616 0.8062
0.2008 0.7944
0.2349 0.7837
0.2602 0.7694
0.2856 0.7534
0.3075 0.7404
0.3251 0.7296
0.34 0.7205
0.3521 0.7114
0.3614 0.7034
0.3691 0.695
0.3763 0.6843
0.3838 0.6745
0.39 0.6699
0.3949 0.6661
0.3961 0.6642
0.3962 0.6617
0.3935 0.656
0.3934 0.6515
0.3918 0.6493
