Weights 
-----

startAmp, peakAmp, endAmp, startToPeakTime, peakToEndTime, startFreq, peakFreq, endFreq

1. Random Forest: 
[ 0.13004338  0.12236697  0.12596572  0.05248066  0.          0.19034697
  0.18432226  0.19447404]

average: 83.877%

2. Linear SVC
average: 75.34%

[[  2.17541118e-03   1.44157220e-03   2.18309152e-04   1.71009818e-05
    1.74353590e-05  -3.92148623e-03  -4.76794742e-03   3.87008147e-03]
 [ -1.13057905e-03   9.83489583e-04  -1.40316840e-03   1.36610096e-05
    4.89915042e-06  -8.64078528e-03  -9.86493368e-03  -1.51161796e-02]
 [ -9.86028566e-04  -1.77486108e-04  -4.90830397e-05   7.99057023e-06
    1.05845502e-06  -9.06083605e-04  -1.53500663e-02  -1.92795113e-02]
 [  3.81747873e-04  -7.09914753e-04  -1.13673079e-04   1.44684805e-05
    3.53483982e-07  -1.69189521e-02  -4.11523916e-03  -5.47064596e-03]
 [  2.02522145e-04  -9.85434968e-04  -1.95529402e-04  -1.13314835e-05
   -1.52031071e-06  -1.18559640e-02  -1.11726654e-02  -6.28727891e-03]
 [ -6.81104630e-04  -4.21558845e-04  -2.59020075e-04  -1.67118981e-05
   -2.56458799e-06  -1.27266949e-02  -7.52692805e-03  -4.95166250e-03]
 [  5.70935217e-04  -4.21983839e-04   1.24579897e-03  -2.36526976e-05
   -3.22449340e-06  -7.84331180e-03  -2.17707672e-02  -2.25868190e-03]
 [  4.40982443e-04   2.67096987e-04  -2.03805203e-03  -7.89819751e-06
   -6.41399239e-06  -4.15726876e-03  -3.24563791e-03  -5.61262159e-03]
 [ -1.30901371e-03  -1.18326520e-04  -2.39117662e-04  -2.56226022e-05
   -8.41202066e-06  -1.11567295e-02   2.88699140e-03  -2.16324900e-04]
 [ -1.41491777e-03  -3.22982565e-04   1.51374451e-03  -6.00240697e-06
   -8.71049553e-06  -4.49013071e-03  -9.09441518e-04  -1.76671812e-02]
 [  7.83690807e-04  -6.11459379e-04  -1.17954458e-03  -3.23591259e-05
   -1.02127251e-05   9.68514118e-03  -3.12847233e-02   6.71849779e-03]
 [ -8.88731426e-04  -6.52814361e-04  -1.13503111e-03   8.42656541e-06
   -1.00199025e-05  -9.09143376e-03  -1.19056483e-02  -3.73465976e-03]]

3. Gaussian Naive Bayes 
Average: 79.22%

4. Logistic Regression
Average: 79.51%

5. Bernoulli RBF - Neural Network
2 - components: 
array([[  1.45296554e+04,   4.68516910e+04,   1.76703517e+04,
         -1.63450251e+00,  -1.52151073e+00,   9.28401972e+02,
          9.23983568e+02,   9.33453090e+02],
       [  1.45299874e+04,   4.68532681e+04,   1.76708947e+04,
         -1.62564264e+00,  -1.52533511e+00,   9.28453679e+02,
          9.24022941e+02,   9.33486154e+02]])